Starting system260217-20;05;42
20;05;54 Wellcome
20;05;55 Training picture On
20;05;56 Simulate UR signal On
20;06;03 Starting system
20;06;05 SIM CMD;(3,0,0,0,0,0,0,0)
20;06;16 SIM CMD;(8,2,0.031586,0.498449,-0.114500,0,0,90.851239)
20;06;18 SIM CMD;(8,2,-0.012833,0.468147,-0.114500,0,0,56.221349)
20;06;20 SIM CMD;(8,2,0.047521,0.523067,-0.114500,0,0,-37.108402)
20;06;22 SIM CMD;(8,2,0.048316,0.491273,-0.114500,0,0,57.339705)
20;06;24 SIM CMD;(8,2,0.042477,0.531407,-0.114500,0,0,84.702217)
20;06;26 SIM CMD;(8,2,0.052478,0.433959,-0.114500,0,0,67.443605)
20;06;28 SIM CMD;(8,2,0.052676,0.505585,-0.114500,0,0,73.274329)
20;06;30 SIM CMD;(8,2,0.009952,0.497621,-0.114500,0,0,94.716082)
20;06;38 Pausing system
20;06;48 Forcing cmd
20;06;50 SIM CMD;(10,2,-0.039,-0.396,-0.103,0,0,0.000)
20;07;27 Forcing cmd
20;07;29 SIM CMD;(10,2,0.011,-0.446,-0.115,0,0,0.000)
20;07;55 Saving His.
20;08;03 Training picture Off
20;08;04 Simulate UR signal Off
20;08;09 Saving His.